# oST version 5.0 parameters


[image]

width
320

height
240

[narrow_stereo]

camera matrix
293.757837 0.000000 155.047526
0.000000 293.490100 120.421993
0.000000 0.000000 1.000000

distortion
0.103375 -0.185659 0.002115 0.000400 0.000000

rectification
1.000000 0.000000 0.000000
0.000000 1.000000 0.000000
0.000000 0.000000 1.000000

projection
297.178650 0.000000 154.628367 0.000000
0.000000 296.500580 120.282977 0.000000
0.000000 0.000000 1.000000 0.000000
